990
350
358
2888
54
1359
413
5455
2185
36
737
1702
240
336
286
1567
493
1832
412
759
170
2945
678
628
476
309
198
259
6483
111
351
572
47
33
1140
67
182
2123
355
145
796
182
610
178
785
362
3225
16
44
135
496
2609
113
3258
397
172
2629
46
551
1097
941
382
115
1640
154
41
475
448
1863
136
2012
7952
155
260
2419
101
1307
399327
2425
53
6832
1233
367
80
384
930
552
21960
3986
2043
183
154
102
573
594
497
3913
453
1130
1632
240
1433
393
65
158
708
19
363
263
7050
330
5222
24
836
615
8926
572
595
104
562
162
159
4016
668
8190
1296
368
130
355
3197
319
207
1597
579
62
168
38
2879
132
651
59
59
834
554
1847
4090
165
742
290
339
1146
3134
128
3986
487
94
118
125
995
181
89
413
572
43
270
841
1058
832
94
203
948
5017
66
171
658
3615
259
234
1167
120
983
565
189
281
642
276
338
777
178
242
807
171
405
185
3047
226
7706
307
68
273
319
163
263
1354
278
851
147
79
858
14
141
84
409
2258
156
298
4491
403
365
196
1126
126
57
125
261
1171
1145
3778
62
5327
848
480
153
339
572
636
670
13015
60
404
201
569
756
412
890
264
78
576
1207
63
108
588
123
1403
168
1416
3050
780
302
122
991
687
889
526
52
82
2217
1496
179
2554
299
81
721
8771
221
2601
48
981
4182
187
15
648
673
577
321
180
666
35
664
3938
169
50
609
997
4170
65
108
1902
81
49
161
2264
159
137
4915
41
219
300
62
609
13
498
418
359
1149
560
17154
78
249
293
441
486
198
24
427
631
131
135
96
159
352
27
95
254
693
4509
49
585
3146
189
71
293
357
2123
1073
1292
908
7072
291
237
205
4182
566
1580
1567
221
542
46
182
8416
1385
192
2393
347
152
51
426
3882
21
13
304
18
1506
329
371
1116
2913
279
1856
60
788
136
311
364
896
268
167
1121
10612
68
1138
532
226
944
120
1038
134
44140
2175
114
227
923
7653
979
47
176
88
1552
572
2145
268
479
5293
92
88
210
159
3473
201
435
143
4824
90
16523
6411
106
576
1047
381
14942
13224
432
962
475
116
672
2999
424
119
181
298
133
5601
124
1949
75
704
43
641
536
532
305
261
291
95
1113
2234
135
374
397
1158
171
4365
768
833
946
88
701
655
26305
1255
573
201
349
259
212
