19
20
20
31
8
30
19
31
30
8
19
32
20
20
20
31
30
19
19
19
32
19
19
19
20
20
19
30
20
19
19
12
8
25
8
20
31
19
20
19
20
19
19
21
19
31
12
12
19
19
30
20
30
19
20
31
8
20
30
19
19
19
30
20
8
19
19
32
20
30
30
20
20
30
24
31
30
30
8
30
31
19
7
20
20
19
31
32
31
20
20
20
19
20
19
30
19
29
32
19
31
19
8
20
19
8
20
20
30
20
30
8
19
20
30
19
20
20
19
19
20
30
18
30
32
19
19
18
30
20
20
30
20
8
19
8
30
20
19
8
8
20
20
30
30
20
19
20
20
31
30
20
32
20
7
19
20
20
20
8
19
19
12
19
19
32
19
20
19
31
11
20
19
30
20
20
31
17
19
19
19
19
19
19
19
20
19
19
20
20
20
31
20
30
20
8
19
20
20
20
29
20
19
19
7
21
12
20
8
19
32
20
19
30
17
19
20
31
19
8
20
17
32
33
32
8
31
18
19
20
20
19
20
18
30
8
20
20
18
19
20
18
20
7
19
30
8
19
20
21
31
20
31
30
19
19
21
18
20
18
20
7
8
31
32
20
31
19
8
19
30
17
31
8
20
32
20
4
19
20
20
18
20
20
8
19
30
19
8
19
19
31
7
20
29
7
8
20
31
20
20
31
8
20
19
8
20
4
20
19
19
31
20
32
8
20
19
19
20
20
12
20
20
20
17
8
19
8
7
19
19
30
8
19
32
19
8
19
19
31
31
31
20
30
20
19
20
32
20
31
31
19
20
8
21
30
32
17
31
19
20
8
19
32
12
4
20
8
33
17
17
31
33
20
30
8
18
19
20
20
19
19
20
30
30
7
31
19
20
17
17
31
20
30
30
20
20
19
30
21
8
20
31
20
30
20
19
30
5
19
20
31
20
19
20
31
8
30
32
20
19
31
17
30
30
19
20
21
20
17
30
20
19
20
20
20
31
20
30
8
19
9
20
18
19
18
17
17
8
31
30
20
20
29
20
30
17
19
19
8
19
20
30
32
18
20
19
20
19
