18
9
9
28
4
24
42
21
45
4
12
4
2
9
4
15
20
16
72
20
6
14
12
14
4
3
12
24
9
10
16
1
1
8
9
2
27
30
9
36
1
28
16
1
12
84
1
4
12
12
48
4
48
16
4
18
9
8
16
24
30
12
12
9
1
12
49
8
9
48
50
9
8
35
2
33
77
33
9
40
25
35
12
2
3
30
20
9
33
2
4
4
16
3
20
48
30
9
6
12
12
25
9
9
25
1
4
4
54
9
15
1
24
6
75
16
4
5
16
16
4
18
12
65
8
16
25
12
18
4
4
36
9
1
16
4
48
1
16
9
9
8
4
30
33
1
36
4
2
16
27
2
9
9
16
24
9
4
1
2
16
16
4
25
14
8
25
9
24
48
16
6
16
40
9
9
36
6
45
18
12
24
12
16
20
1
12
16
2
9
9
12
9
70
9
9
12
4
9
9
6
9
21
16
16
6
1
1
4
25
3
2
10
75
6
81
8
10
25
9
3
2
4
3
9
1
18
36
35
4
9
16
8
12
45
2
6
2
15
12
6
30
6
16
16
24
1
15
9
4
15
9
16
63
100
25
4
36
4
20
8
16
4
40
6
2
24
15
6
30
60
4
18
4
9
9
4
1
36
3
4
12
2
9
1
15
48
12
9
12
36
63
16
1
6
16
9
2
35
9
9
40
4
9
12
4
2
1
9
12
12
42
6
6
1
9
21
30
8
9
1
3
4
9
8
4
16
1
12
12
56
45
1
20
4
16
9
12
15
27
27
27
5
50
2
12
4
9
2
56
15
16
9
1
1
55
6
2
36
12
3
9
20
9
1
1
9
1
2
2
4
24
2
4
15
4
36
49
6
3
12
16
4
42
40
16
16
36
5
2
6
25
1
35
35
4
2
42
18
2
4
4
56
3
27
8
25
60
6
36
9
28
4
18
1
24
4
16
9
9
12
10
9
60
55
12
8
8
8
9
48
3
16
2
4
2
20
4
39
4
12
1
5
16
12
49
2
9
9
27
21
2
2
8
6
42
4
20
28
9
30
8
55
6
12
1
28
9
12
